count    506.000000
mean       3.613524
std        8.601545
min        0.006320
25%        0.082045
50%        0.256510
75%        3.677083
max       88.976200
Name: CRIM, dtype: float64

CRIM
0.00632     1
0.00906     1
0.01096     1
0.01301     1
0.01311     1
           ..
45.74610    1
51.13580    1
67.92080    1
73.53410    1
88.97620    1
Name: count, Length: 504, dtype: int64

0      0.00632
284    0.00906
285    0.01096
341    0.01301
55     0.01311
54     0.01360
195    0.01381
57     0.01432
194    0.01439
283    0.01501
Name: CRIM, dtype: float64

417    25.9406
413    28.6558
427    37.6619
398    38.3518
404    41.5292
414    45.7461
410    51.1358
405    67.9208
418    73.5341
380    88.9762
Name: CRIM, dtype: float64


count    506.000000
mean      11.363636
std       23.322453
min        0.000000
25%        0.000000
50%        0.000000
75%       12.500000
max      100.000000
Name: ZN, dtype: float64

ZN
0.0      372
12.5      10
17.5       1
18.0       1
20.0      21
21.0       4
22.0      10
25.0      10
28.0       3
30.0       6
33.0       4
34.0       3
35.0       3
40.0       7
45.0       6
52.5       3
55.0       3
60.0       4
70.0       3
75.0       3
80.0      15
82.5       2
85.0       2
90.0       5
95.0       4
100.0      1
Name: count, dtype: int64

499    0.0
488    0.0
487    0.0
486    0.0
485    0.0
484    0.0
483    0.0
482    0.0
481    0.0
480    0.0
Name: ZN, dtype: float64

283     90.0
284     90.0
353     90.0
256     90.0
55      90.0
199     95.0
200     95.0
204     95.0
203     95.0
57     100.0
Name: ZN, dtype: float64


count    506.000000
mean      11.136779
std        6.860353
min        0.460000
25%        5.190000
50%        9.690000
75%       18.100000
max       27.740000
Name: INDUS, dtype: float64

INDUS
0.46       1
0.74       1
1.21       1
1.22       1
1.25       2
        ... 
18.10    132
19.58     30
21.89     15
25.65      7
27.74      5
Name: count, Length: 76, dtype: int64

195    0.46
56     0.74
283    1.21
55     1.22
349    1.25
350    1.25
57     1.32
64     1.38
200    1.47
199    1.47
Name: INDUS, dtype: float64

126    25.65
123    25.65
125    25.65
124    25.65
122    25.65
492    27.74
490    27.74
491    27.74
489    27.74
488    27.74
Name: INDUS, dtype: float64


count    506.000000
mean       0.069170
std        0.253994
min        0.000000
25%        0.000000
50%        0.000000
75%        0.000000
max        1.000000
Name: CHAS, dtype: float64

CHAS
0.0    471
1.0     35
Name: count, dtype: int64

0      0.0
481    0.0
482    0.0
483    0.0
484    0.0
485    0.0
486    0.0
487    0.0
488    0.0
489    0.0
Name: CHAS, dtype: float64

276    1.0
282    1.0
363    1.0
364    1.0
283    1.0
277    1.0
273    1.0
356    1.0
369    1.0
370    1.0
Name: CHAS, dtype: float64


count    506.000000
mean       0.554695
std        0.115878
min        0.385000
25%        0.449000
50%        0.538000
75%        0.624000
max        0.871000
Name: NOX, dtype: float64

NOX
0.385     1
0.389     1
0.392     2
0.394     1
0.398     2
         ..
0.713    18
0.718     6
0.740    13
0.770     8
0.871    16
Name: count, Length: 81, dtype: int64

286    0.385
285    0.389
255    0.392
254    0.392
256    0.394
66     0.398
65     0.398
284    0.400
299    0.400
298    0.400
Name: NOX, dtype: float64

159    0.871
143    0.871
142    0.871
144    0.871
145    0.871
146    0.871
147    0.871
148    0.871
149    0.871
150    0.871
Name: NOX, dtype: float64


count    506.000000
mean       6.284634
std        0.702617
min        3.561000
25%        5.885500
50%        6.208500
75%        6.623500
max        8.780000
Name: RM, dtype: float64

RM
3.561    1
3.863    1
4.138    2
4.368    1
4.519    1
        ..
8.375    1
8.398    1
8.704    1
8.725    1
8.780    1
Name: count, Length: 446, dtype: int64

365    3.561
367    3.863
374    4.138
406    4.138
384    4.368
414    4.519
412    4.628
386    4.652
388    4.880
144    4.903
Name: RM, dtype: float64

233    8.247
253    8.259
224    8.266
267    8.297
232    8.337
163    8.375
262    8.398
257    8.704
225    8.725
364    8.780
Name: RM, dtype: float64


count    506.000000
mean      68.574901
std       28.148861
min        2.900000
25%       45.025000
50%       77.500000
75%       94.075000
max      100.000000
Name: AGE, dtype: float64

AGE
2.9       1
6.0       1
6.2       1
6.5       1
6.6       2
         ..
98.8      4
98.9      3
99.1      1
99.3      1
100.0    43
Name: count, Length: 356, dtype: int64

41     2.9
74     6.0
73     6.2
43     6.5
42     6.6
70     6.6
252    6.8
72     7.8
243    7.8
253    8.4
Name: AGE, dtype: float64

143    100.0
159    100.0
142    100.0
141    100.0
442    100.0
158    100.0
151    100.0
146    100.0
31     100.0
8      100.0
Name: AGE, dtype: float64


count    506.000000
mean       3.795043
std        2.105710
min        1.129600
25%        2.100175
50%        3.207450
75%        5.188425
max       12.126500
Name: DIS, dtype: float64

DIS
1.1296     1
1.1370     1
1.1691     1
1.1742     1
1.1781     1
          ..
9.2203     2
9.2229     1
10.5857    2
10.7103    2
12.1265    1
Name: count, Length: 412, dtype: int64

372    1.1296
374    1.1370
371    1.1691
373    1.1742
406    1.1781
370    1.2024
407    1.2852
375    1.3163
142    1.3216
368    1.3325
Name: DIS, dtype: float64

286     9.0892
56      9.1876
254     9.2203
255     9.2203
64      9.2229
355    10.5857
354    10.5857
351    10.7103
352    10.7103
353    12.1265
Name: DIS, dtype: float64


count    506.000000
mean       9.549407
std        8.707259
min        1.000000
25%        4.000000
50%        5.000000
75%       24.000000
max       24.000000
Name: RAD, dtype: float64

RAD
1.0      20
2.0      24
3.0      38
4.0     110
5.0     115
6.0      26
7.0      17
8.0      24
24.0    132
Name: count, dtype: int64

0      1.0
504    1.0
505    1.0
503    1.0
284    1.0
285    1.0
286    1.0
283    1.0
255    1.0
350    1.0
Name: RAD, dtype: float64

484    24.0
485    24.0
486    24.0
478    24.0
480    24.0
474    24.0
475    24.0
476    24.0
477    24.0
479    24.0
Name: RAD, dtype: float64


count    506.000000
mean     408.237154
std      168.537116
min      187.000000
25%      279.000000
50%      330.000000
75%      666.000000
max      711.000000
Name: TAX, dtype: float64

TAX
187.0      1
188.0      7
193.0      8
198.0      1
216.0      5
        ... 
432.0      9
437.0     15
469.0      1
666.0    132
711.0      5
Name: count, Length: 66, dtype: int64

353    187.0
120    188.0
122    188.0
121    188.0
124    188.0
125    188.0
123    188.0
126    188.0
181    193.0
182    193.0
Name: TAX, dtype: float64

471    666.0
361    666.0
358    666.0
359    666.0
360    666.0
491    711.0
492    711.0
488    711.0
490    711.0
489    711.0
Name: TAX, dtype: float64


count    506.000000
mean      18.455534
std        2.164946
min       12.600000
25%       17.400000
50%       19.050000
75%       20.200000
max       22.000000
Name: PTRATIO, dtype: float64

PTRATIO
12.6      3
13.0     12
13.6      1
14.4      1
14.7     34
14.8      3
14.9      4
15.1      1
15.2     13
15.3      3
15.5      1
15.6      2
15.9      2
16.0      5
16.1      5
16.4      6
16.6     16
16.8      4
16.9      5
17.0      4
17.3      1
17.4     18
17.6      7
17.8     23
17.9     11
18.0      5
18.2      4
18.3      4
18.4     16
18.5      4
18.6     17
18.7      9
18.8      2
18.9      3
19.0      4
19.1     17
19.2     19
19.6      8
19.7      8
20.1      5
20.2    140
20.9     11
21.0     27
21.1      1
21.2     15
22.0      2
Name: count, dtype: int64

197    12.6
198    12.6
196    12.6
266    13.0
257    13.0
258    13.0
268    13.0
267    13.0
262    13.0
263    13.0
Name: PTRATIO, dtype: float64

138    21.2
139    21.2
140    21.2
127    21.2
134    21.2
135    21.2
128    21.2
129    21.2
355    22.0
354    22.0
Name: PTRATIO, dtype: float64


count    506.000000
mean     356.674032
std       91.294864
min        0.320000
25%      375.377500
50%      391.440000
75%      396.225000
max      396.900000
Name: B, dtype: float64

B
0.32        1
2.52        1
2.60        1
3.50        1
3.65        1
         ... 
396.28      1
396.30      1
396.33      1
396.42      1
396.90    121
Name: count, Length: 357, dtype: int64

450     0.32
423     2.52
410     2.60
457     3.50
424     3.65
454     6.68
425     7.68
437     9.32
456    10.48
418    16.45
Name: B, dtype: float64

470    396.9
22     396.9
498    396.9
469    396.9
500    396.9
1      396.9
502    396.9
503    396.9
505    396.9
0      396.9
Name: B, dtype: float64


count    506.000000
mean      12.653063
std        7.141062
min        1.730000
25%        6.950000
50%       11.360000
75%       16.955000
max       37.970000
Name: LSTAT, dtype: float64

LSTAT
1.73     1
1.92     1
1.98     1
2.47     1
2.87     1
        ..
34.37    1
34.41    1
34.77    1
36.98    1
37.97    1
Name: count, Length: 455, dtype: int64

161    1.73
162    1.92
40     1.98
232    2.47
192    2.87
204    2.88
3      2.94
370    2.96
195    2.97
275    2.98
Name: LSTAT, dtype: float64

384    30.63
385    30.81
48     30.81
387    31.99
438    34.02
412    34.37
141    34.41
373    34.77
414    36.98
374    37.97
Name: LSTAT, dtype: float64


count    506.000000
mean      22.532806
std        9.197104
min        5.000000
25%       17.025000
50%       21.200000
75%       25.000000
max       50.000000
Name: MEDV, dtype: float64

MEDV
5.0      2
5.6      1
6.3      1
7.0      2
7.2      3
        ..
46.7     1
48.3     1
48.5     1
48.8     1
50.0    16
Name: count, Length: 229, dtype: int64

398    5.0
405    5.0
400    5.6
399    6.3
414    7.0
489    7.0
401    7.2
415    7.2
385    7.2
387    7.4
Name: MEDV, dtype: float64

369    50.0
368    50.0
371    50.0
225    50.0
186    50.0
163    50.0
166    50.0
162    50.0
161    50.0
195    50.0
Name: MEDV, dtype: float64


